-e # 1
1 0.000746 0.000957 0.002931 0.015657 
-e # 2
2 0.000686 0.000857 0.003435 0.031318 
-e # 4
4 0.000377 0.000709 0.005024 0.062692 
-e # 8
8 0.000366 0.000721 0.011389 0.125145 
-e # 16
16 0.000178 0.000721 0.017709 0.250283 
-e # 32
32 0.000120 0.001138 0.027712 0.500522 
-e # 64
64 0.000286 0.000313 0.030335 0.998047 
-e # 128
128 0.000114 0.000311 0.043477 1.026744 
-e # 256
256 0.000036 0.000153 0.094802 1.029113 
-e # 512
512 0.000034 0.000124 0.138969 1.020446 
-e # 1024
1024 0.000021 0.000029 0.168746 0.980751 
-e # 2048
2048 0.000024 0.000009 0.000083 1.367030 
-e # 4096
4096 0.000026 0.000012 0.000039 1.055235 
-e # 8192
8192  0.000010 0.000013 0.000039 
-e # 16384
16384   0.000008 0.000008 
-e # 32768
32768    0.000010 
