-e # 1
1 0.000389 0.000450 0.000623 0.000689 
-e # 2
2 0.000522 0.000119 0.000385 0.000503 
-e # 4
4 0.000219 0.000249 0.000397 0.001253 
-e # 8
8 0.000236 0.000135 0.000615 0.001609 
-e # 16
16 0.000139 0.000081 0.000561 0.001252 
-e # 32
32 0.000419 0.000190 0.000532 0.001219 
-e # 64
64 0.000182 0.000092 0.000206 0.002865 
-e # 128
128 0.000025 0.000379 0.000496 0.002039 
-e # 256
256 0.000025 0.000746 0.000352 0.001313 
-e # 512
512 0.000075 0.000191 0.000121 0.002452 
-e # 1024
1024 0.000097 0.000090 0.000054 0.000596 
-e # 2048
2048 0.000033 0.000061 0.000042 0.027254 
-e # 4096
4096 0.000025 0.000079 0.000045 0.000622 
-e # 8192
8192  0.000016 0.000040 0.000024 
-e # 16384
16384   0.000034 0.000036 
-e # 32768
32768    0.000023 
