size    stride  elapsed(s)      cycles  #accesses a[i]   mean access time
[LOG]: running with array of size 4 KiB
4096    1       0.002381        2382    409600  5.812368
4096    2       0.002615        2616    409600  6.385466
4096    4       0.002823        2823    409600  6.893274
4096    8       0.002434        2434    409600  5.942051
4096    16      0.002040        2040    409600  4.979453
4096    32      0.001713        1713    409600  4.182021
4096    64      0.001500        1501    409600  3.663010
4096    128     0.001157        1157    409600  2.824480
4096    256     0.000976        976     409600  2.383394
4096    512     0.000856        856     409600  2.089670
4096    1024    0.000493        493     409600  1.203726
4096    2048    0.000518        518     409600  1.263491
[LOG]: running with array of size 8 KiB
8192    1       0.001296        1296    819200  1.581483
8192    2       0.001298        1297    819200  1.584304
8192    4       0.001306        1306    819200  1.593834
8192    8       0.001314        1314    819200  1.604275
8192    16      0.001336        1336    819200  1.630802
8192    32      0.001403        1404    819200  1.713153
8192    64      0.001474        1474    819200  1.799639
8192    128     0.001471        1471    819200  1.795809
8192    256     0.001448        1448    819200  1.767826
8192    512     0.001420        1421    819200  1.733959
8192    1024    0.001428        1427    819200  1.742723
8192    2048    0.000980        980     819200  1.195925
8192    4096    0.001061        1061    819200  1.295193
[LOG]: running with array of size 16 KiB
16384   1       0.002574        2574    1638400 1.570847
16384   2       0.002606        2605    1638400 1.590289
16384   4       0.002625        2625    1638400 1.602174
16384   8       0.002628        2629    1638400 1.604207
16384   16      0.002731        2731    1638400 1.667121
16384   32      0.002755        2755    1638400 1.681514
16384   64      0.002846        2846    1638400 1.736816
16384   128     0.002953        2952    1638400 1.802159
16384   256     0.002956        2956    1638400 1.804345
16384   512     0.002920        2921    1638400 1.782503
16384   1024    0.002917        2917    1638400 1.780358
16384   2048    0.002772        2772    1638400 1.692124
16384   4096    0.001896        1896    1638400 1.157003
16384   8192    0.002120        2120    1638400 1.293915
[LOG]: running with array of size 32 KiB
32768   1       0.005135        5135    3276800 1.566929
32768   2       0.005179        5179    3276800 1.580616
32768   4       0.005210        5210    3276800 1.589968
32768   8       0.005238        5238    3276800 1.598551
32768   16      0.005309        5310    3276800 1.620292
32768   32      0.005426        5425    3276800 1.655760
32768   64      0.005614        5614    3276800 1.713256
32768   128     0.005425        5425    3276800 1.655544
32768   256     0.005720        5720    3276800 1.745456
32768   512     0.006024        6024    3276800 1.838244
32768   1024    0.005840        5840    3276800 1.782114
32768   2048    0.005693        5693    3276800 1.737302
32768   4096    0.005052        5052    3276800 1.541897
32768   8192    0.004279        4278    3276800 1.305770
32768   16384   0.004260        4260    3276800 1.300124
[LOG]: running with array of size 64 KiB
65536   1       0.010316        10317   6553600 1.574159
65536   2       0.010410        10410   6553600 1.588387
65536   4       0.010395        10394   6553600 1.586117
65536   8       0.010503        10503   6553600 1.602561
65536   16      0.010649        10648   6553600 1.624835
65536   32      0.010909        10909   6553600 1.664573
65536   64      0.011346        11346   6553600 1.731264
65536   128     0.010803        10803   6553600 1.648434
65536   256     0.010889        10889   6553600 1.661578
65536   512     0.011441        11441   6553600 1.745709
65536   1024    0.011995        11995   6553600 1.830278
65536   2048    0.016259        16260   6553600 2.480977
65536   4096    0.021992        21991   6553600 3.355670
65536   8192    0.011421        11421   6553600 1.742702
65536   16384   0.009759        9759    6553600 1.489158
65536   32768   0.008497        8497    6553600 1.296602
[LOG]: running with array of size 128 KiB
131072  1       0.020954        20955   13107200        1.598686
131072  2       0.020671        20671   13107200        1.577105
131072  4       0.020830        20830   13107200        1.589233
131072  8       0.021395        21396   13107200        1.632328
131072  16      0.021332        21332   13107200        1.627505
131072  32      0.021859        21859   13107200        1.667727
131072  64      0.022700        22699   13107200        1.731844
131072  128     0.021393        21392   13107200        1.632127
131072  256     0.021631        21632   13107200        1.650340
131072  512     0.022479        22478   13107200        1.714975
131072  1024    0.022851        22851   13107200        1.743398
131072  2048    0.066168        66168   13107200        5.048250
131072  4096    0.063586        63586   13107200        4.851244
131072  8192    0.044013        44012   13107200        3.357887
131072  16384   0.022718        22719   13107200        1.733279
131072  32768   0.016951        16951   13107200        1.293239
131072  65536   0.016952        16951   13107200        1.293310
[LOG]: running with array of size 256 KiB
262144  1       0.041608        41608   26214400        1.587212
262144  2       0.041244        41244   26214400        1.573340
262144  4       0.041535        41534   26214400        1.584425
262144  8       0.041849        41849   26214400        1.596420
262144  16      0.042944        42944   26214400        1.638187
262144  32      0.043540        43540   26214400        1.660913
262144  64      0.045970        45970   26214400        1.753598
262144  128     0.042591        42592   26214400        1.624733
262144  256     0.042778        42777   26214400        1.631839
262144  512     0.043976        43977   26214400        1.677566
262144  1024    0.044823        44823   26214400        1.709861
262144  2048    0.140544        140544  26214400        5.361340
262144  4096    0.153572        153572  26214400        5.858309
262144  8192    0.121411        121411  26214400        4.631468
262144  16384   0.078809        78809   26214400        3.006315
262144  32768   0.045169        45169   26214400        1.723056
262144  65536   0.031456        31456   26214400        1.199969
262144  131072  0.036187        36186   26214400        1.380413
[LOG]: running with array of size 512 KiB
524288  1       0.083796        83796   52428800        1.598279
524288  2       0.082515        82515   52428800        1.573855
524288  4       0.083465        83465   52428800        1.591963
524288  8       0.083675        83675   52428800        1.595972
524288  16      0.085492        85492   52428800        1.630631
524288  32      0.087269        87269   52428800        1.664517
524288  64      0.090654        90654   52428800        1.729092
524288  128     0.085099        85099   52428800        1.623136
524288  256     0.085427        85427   52428800        1.629388
524288  512     0.085927        85927   52428800        1.638931
524288  1024    0.087460        87460   52428800        1.668171
524288  2048    0.251326        251326  52428800        4.793665
524288  4096    0.309062        309062  52428800        5.894886
524288  8192    0.307693        307693  52428800        5.868783
524288  16384   0.269737        269738  52428800        5.144834
524288  32768   0.126372        126371  52428800        2.410347
524288  65536   0.089966        89966   52428800        1.715964
524288  131072  0.066967        66967   52428800        1.277293
524288  262144  0.067839        67839   52428800        1.293932
[LOG]: running with array of size 1024 KiB
1048576 1       0.165349        165350  104857600       1.576892
1048576 2       0.165242        165242  104857600       1.575873
1048576 4       0.165994        165994  104857600       1.583042
1048576 8       0.168969        168969  104857600       1.611416
1048576 16      0.169875        169875  104857600       1.620050
1048576 32      0.175165        175166  104857600       1.670507
1048576 64      0.216051        216052  104857600       2.060427
1048576 128     0.322384        322384  104857600       3.074493
1048576 256     0.346694        346694  104857600       3.306330
1048576 512     0.346495        346495  104857600       3.304432
1048576 1024    0.570192        570192  104857600       5.437778
1048576 2048    0.680027        680026  104857600       6.485238
1048576 4096    0.734070        734070  104857600       7.000638
1048576 8192    0.608430        608429  104857600       5.802439
1048576 16384   0.616518        616517  104857600       5.879570
1048576 32768   0.591717        591716  104857600       5.643052
1048576 65536   0.307658        307658  104857600       2.934055
1048576 131072  0.176832        176832  104857600       1.686404
1048576 262144  0.134051        134051  104857600       1.278413
1048576 524288  0.142340        142340  104857600       1.357456
[LOG]: running with array of size 2048 KiB
2097152 1       0.332788        332788  209715200       1.586857
2097152 2       0.333062        333063  209715200       1.588165
2097152 4       0.334523        334523  209715200       1.595128
2097152 8       0.339230        339230  209715200       1.617574
2097152 16      0.352480        352480  209715200       1.680755
2097152 32      0.360182        360182  209715200       1.717481
2097152 64      0.647225        647225  209715200       3.086209
2097152 128     1.224761        1224761 209715200       5.840116
2097152 256     1.529713        1529713 209715200       7.294242
2097152 512     1.575626        1575626 209715200       7.513170
2097152 1024    1.619850        1619849 209715200       7.724047
2097152 2048    1.980543        1980542 209715200       9.443963
2097152 4096    2.409898        2409898 209715200       11.491290
2097152 8192    1.484804        1484804 209715200       7.080097
2097152 16384   1.234595        1234595 209715200       5.887010
2097152 32768   1.242939        1242938 209715200       5.926793
2097152 65536   1.196144        1196144 209715200       5.703658
2097152 131072  0.654925        654925  209715200       3.122924
2097152 262144  0.358065        358065  209715200       1.707389
2097152 524288  0.271912        271913  209715200       1.296580
2097152 1048576 0.278686        278686  209715200       1.328881
[LOG]: running with array of size 4096 KiB
4194304 1       0.669693        669693  419430400       1.596672
4194304 2       0.673003        673003  419430400       1.604565
4194304 4       0.670750        670750  419430400       1.599193
4194304 8       0.678920        678920  419430400       1.618670
4194304 16      0.705900        705900  419430400       1.682997
4194304 32      0.727006        727006  419430400       1.733318
4194304 64      1.396798        1396797 419430400       3.330225
4194304 128     2.756434        2756434 419430400       6.571851
4194304 256     3.394192        3394192 419430400       8.092385
4194304 512     3.485198        3485198 419430400       8.309359
4194304 1024    3.394440        3394440 419430400       8.092975
4194304 2048    4.091879        4091879 419430400       9.755800
4194304 4096    5.253372        5253372 419430400       12.525016
4194304 8192    5.180312        5180312 419430400       12.350827
4194304 16384   2.994349        2994350 419430400       7.139085
4194304 32768   2.596674        2596675 419430400       6.190954
4194304 65536   2.452931        2452931 419430400       5.848244
4194304 131072  2.352336        2352335 419430400       5.608405
4194304 262144  1.478622        1478622 419430400       3.525309
4194304 524288  0.697682        697683  419430400       1.663404
4194304 1048576 0.527626        527626  419430400       1.257959
4194304 2097152 0.554125        554125  419430400       1.321138